1  6.15  9.6
2  6.30  9.6
3  6.30  6.4
4  6.45  11.2
5  6.45  11.2
6  7.15  4.8
7  8.15  3.2
8  8.30  8
9  8.30  8
10 8.30  11.2
11 8.30  6.4
12 8.45  3.2
13 9.30  4.8
14 9.45  11.2
15 10.00 11.2
16 10.00 4.8
17 10.30 6.4 
18 10.30 3.2
19 10.30 1.6
20 10.30 4.8
21 10.45 9.6
22 11.00 6.4
23 11.00 9.6
24 11.15 4.8 
25 11.45 9.6
26 11.45 3.2
27 11.45 6.4
28 12.00 6.4
29 12.30 3.2
30 12.30 3.2
31 12.30 4.8
32 12.45 11.2
33 13.15 11.2
34 13.45 11.2
35 14.15 6.4
36 16.00 6.4
37 16.00 1.6
38 16.15 1.6
39 17.15 11.2
40 17.15 8
41 17.15 11.2
42 17.30 8
43 18.30 11.2